21
4
454
-37
70 -93 320 656
220 714
408 -468 152 -255
48
726 463 -32 113 456
-72 -675 -51 120
512 116 -14 -145 183 -54 -758 83 -195 -369 55 -753
193 -543 597 -204
545 -191 -52 -861 -234 484 -244 -25 -287 265 11
131 -184 -654 31 -36 -98 -88 -409
-85 414 336 -103 -588
678 166 -568 180 -502 -740 675
-472 681 -288 164
-642 497 637 -649 -157 70
812 49 52 -476 -91 -8 356 -260 224 375 312
-404 56 155 -64 -210 147 -458 -122
-752 -651 328 224
354 -341 -947 -144 261 -284 -431 3 -420 -443
161 461 -609 689
-11 -855 -14 575 406 458 -125
842 -163
-372
-632 146 36 -5 326 -29
437 667 -330 266 627 204 641
199 701 435 -430 -292 -86 -280 234 -45 -57 -311
-562 -183 -173 148